(kicad_pcb (version 20171130) (host pcbnew "(5.1.4)-1")

  (general
    (thickness 1.6)
    (drawings 0)
    (tracks 0)
    (zones 0)
    (modules 22)
    (nets 52)
  )

  (page A4)
  (layers
    (0 F.Cu signal)
    (31 B.Cu signal)
    (32 B.Adhes user)
    (33 F.Adhes user)
    (34 B.Paste user)
    (35 F.Paste user)
    (36 B.SilkS user)
    (37 F.SilkS user)
    (38 B.Mask user)
    (39 F.Mask user)
    (40 Dwgs.User user)
    (41 Cmts.User user)
    (42 Eco1.User user)
    (43 Eco2.User user)
    (44 Edge.Cuts user)
    (45 Margin user)
    (46 B.CrtYd user)
    (47 F.CrtYd user)
    (48 B.Fab user)
    (49 F.Fab user)
  )

  (setup
    (last_trace_width 0.25)
    (trace_clearance 0.2)
    (zone_clearance 0.508)
    (zone_45_only no)
    (trace_min 0.2)
    (via_size 0.8)
    (via_drill 0.4)
    (via_min_size 0.4)
    (via_min_drill 0.3)
    (uvia_size 0.3)
    (uvia_drill 0.1)
    (uvias_allowed no)
    (uvia_min_size 0.2)
    (uvia_min_drill 0.1)
    (edge_width 0.05)
    (segment_width 0.2)
    (pcb_text_width 0.3)
    (pcb_text_size 1.5 1.5)
    (mod_edge_width 0.12)
    (mod_text_size 1 1)
    (mod_text_width 0.15)
    (pad_size 1.524 1.524)
    (pad_drill 0.762)
    (pad_to_mask_clearance 0.051)
    (solder_mask_min_width 0.25)
    (aux_axis_origin 0 0)
    (visible_elements 7FFFFFFF)
    (pcbplotparams
      (layerselection 0x010fc_ffffffff)
      (usegerberextensions false)
      (usegerberattributes false)
      (usegerberadvancedattributes false)
      (creategerberjobfile false)
      (excludeedgelayer true)
      (linewidth 0.100000)
      (plotframeref false)
      (viasonmask false)
      (mode 1)
      (useauxorigin false)
      (hpglpennumber 1)
      (hpglpenspeed 20)
      (hpglpendiameter 15.000000)
      (psnegative false)
      (psa4output false)
      (plotreference true)
      (plotvalue true)
      (plotinvisibletext false)
      (padsonsilk false)
      (subtractmaskfromsilk false)
      (outputformat 1)
      (mirror false)
      (drillshape 1)
      (scaleselection 1)
      (outputdirectory ""))
  )

  (net 0 "")
  (net 1 D13_ENC_SW)
  (net 2 GND)
  (net 3 ~RESET)
  (net 4 +3V3)
  (net 5 "Net-(C4-Pad2)")
  (net 6 "Net-(C5-Pad1)")
  (net 7 +5V)
  (net 8 +12V)
  (net 9 D5_ENCA)
  (net 10 D11_ENCB)
  (net 11 "Net-(R3-Pad2)")
  (net 12 "Net-(R5-Pad1)")
  (net 13 D3_LED)
  (net 14 "Net-(U1-Pad1)")
  (net 15 "Net-(U1-Pad2)")
  (net 16 "Net-(U1-Pad3)")
  (net 17 "Net-(U1-Pad4)")
  (net 18 A1)
  (net 19 A2)
  (net 20 A3)
  (net 21 A4)
  (net 22 D8)
  (net 23 D9)
  (net 24 D4)
  (net 25 D1)
  (net 26 D0)
  (net 27 "Net-(U1-Pad19)")
  (net 28 "Net-(U1-Pad20)")
  (net 29 "Net-(U1-Pad21)")
  (net 30 "Net-(U1-Pad22)")
  (net 31 D2)
  (net 32 D10)
  (net 33 "Net-(U1-Pad28)")
  (net 34 "Net-(U1-Pad29)")
  (net 35 "Net-(U1-Pad30)")
  (net 36 SDA)
  (net 37 SCL)
  (net 38 USB-)
  (net 39 USB+)
  (net 40 "Net-(U1-Pad37)")
  (net 41 "Net-(U1-Pad38)")
  (net 42 "Net-(U1-Pad39)")
  (net 43 "Net-(U1-Pad41)")
  (net 44 SWCLK)
  (net 45 SWDIO)
  (net 46 "Net-(U1-Pad47)")
  (net 47 "Net-(U1-Pad48)")
  (net 48 "Net-(SWD1-Pad6)")
  (net 49 "Net-(J1-Pad4)")
  (net 50 SWA)
  (net 51 SWB)

  (net_class Default "This is the default net class."
    (clearance 0.2)
    (trace_width 0.25)
    (via_dia 0.8)
    (via_drill 0.4)
    (uvia_dia 0.3)
    (uvia_drill 0.1)
    (add_net +12V)
    (add_net +3V3)
    (add_net +5V)
    (add_net A1)
    (add_net A2)
    (add_net A3)
    (add_net A4)
    (add_net D0)
    (add_net D1)
    (add_net D10)
    (add_net D11_ENCB)
    (add_net D13_ENC_SW)
    (add_net D2)
    (add_net D3_LED)
    (add_net D4)
    (add_net D5_ENCA)
    (add_net D8)
    (add_net D9)
    (add_net GND)
    (add_net "Net-(C4-Pad2)")
    (add_net "Net-(C5-Pad1)")
    (add_net "Net-(J1-Pad4)")
    (add_net "Net-(R3-Pad2)")
    (add_net "Net-(R5-Pad1)")
    (add_net "Net-(SWD1-Pad6)")
    (add_net "Net-(U1-Pad1)")
    (add_net "Net-(U1-Pad19)")
    (add_net "Net-(U1-Pad2)")
    (add_net "Net-(U1-Pad20)")
    (add_net "Net-(U1-Pad21)")
    (add_net "Net-(U1-Pad22)")
    (add_net "Net-(U1-Pad28)")
    (add_net "Net-(U1-Pad29)")
    (add_net "Net-(U1-Pad3)")
    (add_net "Net-(U1-Pad30)")
    (add_net "Net-(U1-Pad37)")
    (add_net "Net-(U1-Pad38)")
    (add_net "Net-(U1-Pad39)")
    (add_net "Net-(U1-Pad4)")
    (add_net "Net-(U1-Pad41)")
    (add_net "Net-(U1-Pad47)")
    (add_net "Net-(U1-Pad48)")
    (add_net SCL)
    (add_net SDA)
    (add_net SWA)
    (add_net SWB)
    (add_net SWCLK)
    (add_net SWDIO)
    (add_net USB+)
    (add_net USB-)
    (add_net ~RESET)
  )

  (module connectors:Microusb_105133-0011 (layer F.Cu) (tedit 5E88AE11) (tstamp 5E88FEC1)
    (at 157.3 86.65)
    (path /5E893B51)
    (fp_text reference J1 (at 0 0.5) (layer F.SilkS)
      (effects (font (size 1 1) (thickness 0.15)))
    )
    (fp_text value USB_B_Micro (at 0 -0.5) (layer F.Fab)
      (effects (font (size 1 1) (thickness 0.15)))
    )
    (fp_line (start -3.75 0.5) (end 0 0.5) (layer F.SilkS) (width 0.12))
    (fp_line (start -3.75 -2.75) (end -3.75 0.5) (layer F.SilkS) (width 0.12))
    (fp_line (start -3 -3.25) (end -3.75 -2.75) (layer F.SilkS) (width 0.12))
    (fp_line (start 3 -3.25) (end -3 -3.25) (layer F.SilkS) (width 0.12))
    (fp_line (start 3.75 -2.75) (end 3 -3.25) (layer F.SilkS) (width 0.12))
    (fp_line (start 3.75 0.5) (end 3.75 -2.75) (layer F.SilkS) (width 0.12))
    (fp_line (start 0 0.5) (end 3.75 0.5) (layer F.SilkS) (width 0.12))
    (pad 6 thru_hole oval (at -2.8 -2.15) (size 1.5 1) (drill oval 1.1 0.5) (layers *.Cu *.Mask)
      (net 2 GND))
    (pad 6 thru_hole oval (at 2.8 -2.15) (size 1.5 1) (drill oval 1.1 0.5) (layers *.Cu *.Mask)
      (net 2 GND))
    (pad 6 thru_hole oval (at 0 0) (size 2 1) (drill oval 1.4 0.5) (layers *.Cu *.Mask)
      (net 2 GND))
    (pad 2 smd rect (at -0.65 -2.15) (size 0.45 1.5) (layers F.Cu F.Paste F.Mask)
      (net 38 USB-))
    (pad 1 smd rect (at -1.3 -2.15) (size 0.45 1.5) (layers F.Cu F.Paste F.Mask)
      (net 7 +5V))
    (pad 5 smd rect (at 1.3 -2.15) (size 0.45 1.5) (layers F.Cu F.Paste F.Mask)
      (net 2 GND))
    (pad 4 smd rect (at 0.65 -2.15) (size 0.45 1.5) (layers F.Cu F.Paste F.Mask)
      (net 49 "Net-(J1-Pad4)"))
    (pad 3 smd rect (at 0 -2.15) (size 0.45 1.5) (layers F.Cu F.Paste F.Mask)
      (net 39 USB+))
    (model ${PRIVATE3D}/connectors.3dshapes/Molex_microusb_1051330011.stp
      (offset (xyz 0 1.1 2.5))
      (scale (xyz 1 1 1))
      (rotate (xyz 180 0 0))
    )
  )

  (module Capacitor_SMD:C_0603_1608Metric (layer F.Cu) (tedit 5B301BBE) (tstamp 5E882502)
    (at 130.755001 98.305001)
    (descr "Capacitor SMD 0603 (1608 Metric), square (rectangular) end terminal, IPC_7351 nominal, (Body size source: http://www.tortai-tech.com/upload/download/2011102023233369053.pdf), generated with kicad-footprint-generator")
    (tags capacitor)
    (path /5E87677F)
    (attr smd)
    (fp_text reference C1 (at 0 -1.43) (layer F.SilkS)
      (effects (font (size 1 1) (thickness 0.15)))
    )
    (fp_text value C_Small (at 0 1.43) (layer F.Fab)
      (effects (font (size 1 1) (thickness 0.15)))
    )
    (fp_line (start -0.8 0.4) (end -0.8 -0.4) (layer F.Fab) (width 0.1))
    (fp_line (start -0.8 -0.4) (end 0.8 -0.4) (layer F.Fab) (width 0.1))
    (fp_line (start 0.8 -0.4) (end 0.8 0.4) (layer F.Fab) (width 0.1))
    (fp_line (start 0.8 0.4) (end -0.8 0.4) (layer F.Fab) (width 0.1))
    (fp_line (start -0.162779 -0.51) (end 0.162779 -0.51) (layer F.SilkS) (width 0.12))
    (fp_line (start -0.162779 0.51) (end 0.162779 0.51) (layer F.SilkS) (width 0.12))
    (fp_line (start -1.48 0.73) (end -1.48 -0.73) (layer F.CrtYd) (width 0.05))
    (fp_line (start -1.48 -0.73) (end 1.48 -0.73) (layer F.CrtYd) (width 0.05))
    (fp_line (start 1.48 -0.73) (end 1.48 0.73) (layer F.CrtYd) (width 0.05))
    (fp_line (start 1.48 0.73) (end -1.48 0.73) (layer F.CrtYd) (width 0.05))
    (fp_text user %R (at 0 0) (layer F.Fab)
      (effects (font (size 0.4 0.4) (thickness 0.06)))
    )
    (pad 1 smd roundrect (at -0.7875 0) (size 0.875 0.95) (layers F.Cu F.Paste F.Mask) (roundrect_rratio 0.25)
      (net 1 D13_ENC_SW))
    (pad 2 smd roundrect (at 0.7875 0) (size 0.875 0.95) (layers F.Cu F.Paste F.Mask) (roundrect_rratio 0.25)
      (net 2 GND))
    (model ${KISYS3DMOD}/Capacitor_SMD.3dshapes/C_0603_1608Metric.wrl
      (at (xyz 0 0 0))
      (scale (xyz 1 1 1))
      (rotate (xyz 0 0 0))
    )
  )

  (module Capacitor_SMD:C_0603_1608Metric (layer F.Cu) (tedit 5B301BBE) (tstamp 5E882513)
    (at 146.405001 86.755001)
    (descr "Capacitor SMD 0603 (1608 Metric), square (rectangular) end terminal, IPC_7351 nominal, (Body size source: http://www.tortai-tech.com/upload/download/2011102023233369053.pdf), generated with kicad-footprint-generator")
    (tags capacitor)
    (path /5E874927)
    (attr smd)
    (fp_text reference C2 (at 0 -1.43) (layer F.SilkS)
      (effects (font (size 1 1) (thickness 0.15)))
    )
    (fp_text value C_Small (at 0 1.43) (layer F.Fab)
      (effects (font (size 1 1) (thickness 0.15)))
    )
    (fp_text user %R (at 0 0) (layer F.Fab)
      (effects (font (size 0.4 0.4) (thickness 0.06)))
    )
    (fp_line (start 1.48 0.73) (end -1.48 0.73) (layer F.CrtYd) (width 0.05))
    (fp_line (start 1.48 -0.73) (end 1.48 0.73) (layer F.CrtYd) (width 0.05))
    (fp_line (start -1.48 -0.73) (end 1.48 -0.73) (layer F.CrtYd) (width 0.05))
    (fp_line (start -1.48 0.73) (end -1.48 -0.73) (layer F.CrtYd) (width 0.05))
    (fp_line (start -0.162779 0.51) (end 0.162779 0.51) (layer F.SilkS) (width 0.12))
    (fp_line (start -0.162779 -0.51) (end 0.162779 -0.51) (layer F.SilkS) (width 0.12))
    (fp_line (start 0.8 0.4) (end -0.8 0.4) (layer F.Fab) (width 0.1))
    (fp_line (start 0.8 -0.4) (end 0.8 0.4) (layer F.Fab) (width 0.1))
    (fp_line (start -0.8 -0.4) (end 0.8 -0.4) (layer F.Fab) (width 0.1))
    (fp_line (start -0.8 0.4) (end -0.8 -0.4) (layer F.Fab) (width 0.1))
    (pad 2 smd roundrect (at 0.7875 0) (size 0.875 0.95) (layers F.Cu F.Paste F.Mask) (roundrect_rratio 0.25)
      (net 2 GND))
    (pad 1 smd roundrect (at -0.7875 0) (size 0.875 0.95) (layers F.Cu F.Paste F.Mask) (roundrect_rratio 0.25)
      (net 3 ~RESET))
    (model ${KISYS3DMOD}/Capacitor_SMD.3dshapes/C_0603_1608Metric.wrl
      (at (xyz 0 0 0))
      (scale (xyz 1 1 1))
      (rotate (xyz 0 0 0))
    )
  )

  (module Capacitor_SMD:C_0603_1608Metric (layer F.Cu) (tedit 5B301BBE) (tstamp 5E882524)
    (at 134.765001 98.355001)
    (descr "Capacitor SMD 0603 (1608 Metric), square (rectangular) end terminal, IPC_7351 nominal, (Body size source: http://www.tortai-tech.com/upload/download/2011102023233369053.pdf), generated with kicad-footprint-generator")
    (tags capacitor)
    (path /5E88551D)
    (attr smd)
    (fp_text reference C3 (at 0 -1.43) (layer F.SilkS)
      (effects (font (size 1 1) (thickness 0.15)))
    )
    (fp_text value C_Small (at 0 1.43) (layer F.Fab)
      (effects (font (size 1 1) (thickness 0.15)))
    )
    (fp_line (start -0.8 0.4) (end -0.8 -0.4) (layer F.Fab) (width 0.1))
    (fp_line (start -0.8 -0.4) (end 0.8 -0.4) (layer F.Fab) (width 0.1))
    (fp_line (start 0.8 -0.4) (end 0.8 0.4) (layer F.Fab) (width 0.1))
    (fp_line (start 0.8 0.4) (end -0.8 0.4) (layer F.Fab) (width 0.1))
    (fp_line (start -0.162779 -0.51) (end 0.162779 -0.51) (layer F.SilkS) (width 0.12))
    (fp_line (start -0.162779 0.51) (end 0.162779 0.51) (layer F.SilkS) (width 0.12))
    (fp_line (start -1.48 0.73) (end -1.48 -0.73) (layer F.CrtYd) (width 0.05))
    (fp_line (start -1.48 -0.73) (end 1.48 -0.73) (layer F.CrtYd) (width 0.05))
    (fp_line (start 1.48 -0.73) (end 1.48 0.73) (layer F.CrtYd) (width 0.05))
    (fp_line (start 1.48 0.73) (end -1.48 0.73) (layer F.CrtYd) (width 0.05))
    (fp_text user %R (at 0 0) (layer F.Fab)
      (effects (font (size 0.4 0.4) (thickness 0.06)))
    )
    (pad 1 smd roundrect (at -0.7875 0) (size 0.875 0.95) (layers F.Cu F.Paste F.Mask) (roundrect_rratio 0.25)
      (net 2 GND))
    (pad 2 smd roundrect (at 0.7875 0) (size 0.875 0.95) (layers F.Cu F.Paste F.Mask) (roundrect_rratio 0.25)
      (net 4 +3V3))
    (model ${KISYS3DMOD}/Capacitor_SMD.3dshapes/C_0603_1608Metric.wrl
      (at (xyz 0 0 0))
      (scale (xyz 1 1 1))
      (rotate (xyz 0 0 0))
    )
  )

  (module Capacitor_SMD:C_0603_1608Metric (layer F.Cu) (tedit 5B301BBE) (tstamp 5E882535)
    (at 142.305001 95.005001)
    (descr "Capacitor SMD 0603 (1608 Metric), square (rectangular) end terminal, IPC_7351 nominal, (Body size source: http://www.tortai-tech.com/upload/download/2011102023233369053.pdf), generated with kicad-footprint-generator")
    (tags capacitor)
    (path /5E882B5F)
    (attr smd)
    (fp_text reference C4 (at 0 -1.43) (layer F.SilkS)
      (effects (font (size 1 1) (thickness 0.15)))
    )
    (fp_text value C_Small (at 0 1.43) (layer F.Fab)
      (effects (font (size 1 1) (thickness 0.15)))
    )
    (fp_text user %R (at 0 0) (layer F.Fab)
      (effects (font (size 0.4 0.4) (thickness 0.06)))
    )
    (fp_line (start 1.48 0.73) (end -1.48 0.73) (layer F.CrtYd) (width 0.05))
    (fp_line (start 1.48 -0.73) (end 1.48 0.73) (layer F.CrtYd) (width 0.05))
    (fp_line (start -1.48 -0.73) (end 1.48 -0.73) (layer F.CrtYd) (width 0.05))
    (fp_line (start -1.48 0.73) (end -1.48 -0.73) (layer F.CrtYd) (width 0.05))
    (fp_line (start -0.162779 0.51) (end 0.162779 0.51) (layer F.SilkS) (width 0.12))
    (fp_line (start -0.162779 -0.51) (end 0.162779 -0.51) (layer F.SilkS) (width 0.12))
    (fp_line (start 0.8 0.4) (end -0.8 0.4) (layer F.Fab) (width 0.1))
    (fp_line (start 0.8 -0.4) (end 0.8 0.4) (layer F.Fab) (width 0.1))
    (fp_line (start -0.8 -0.4) (end 0.8 -0.4) (layer F.Fab) (width 0.1))
    (fp_line (start -0.8 0.4) (end -0.8 -0.4) (layer F.Fab) (width 0.1))
    (pad 2 smd roundrect (at 0.7875 0) (size 0.875 0.95) (layers F.Cu F.Paste F.Mask) (roundrect_rratio 0.25)
      (net 5 "Net-(C4-Pad2)"))
    (pad 1 smd roundrect (at -0.7875 0) (size 0.875 0.95) (layers F.Cu F.Paste F.Mask) (roundrect_rratio 0.25)
      (net 2 GND))
    (model ${KISYS3DMOD}/Capacitor_SMD.3dshapes/C_0603_1608Metric.wrl
      (at (xyz 0 0 0))
      (scale (xyz 1 1 1))
      (rotate (xyz 0 0 0))
    )
  )

  (module Capacitor_SMD:C_0603_1608Metric (layer F.Cu) (tedit 5B301BBE) (tstamp 5E882546)
    (at 138.775001 98.355001)
    (descr "Capacitor SMD 0603 (1608 Metric), square (rectangular) end terminal, IPC_7351 nominal, (Body size source: http://www.tortai-tech.com/upload/download/2011102023233369053.pdf), generated with kicad-footprint-generator")
    (tags capacitor)
    (path /5E876402)
    (attr smd)
    (fp_text reference C5 (at 0 -1.43) (layer F.SilkS)
      (effects (font (size 1 1) (thickness 0.15)))
    )
    (fp_text value C_Small (at 0 1.43) (layer F.Fab)
      (effects (font (size 1 1) (thickness 0.15)))
    )
    (fp_text user %R (at 0 0) (layer F.Fab)
      (effects (font (size 0.4 0.4) (thickness 0.06)))
    )
    (fp_line (start 1.48 0.73) (end -1.48 0.73) (layer F.CrtYd) (width 0.05))
    (fp_line (start 1.48 -0.73) (end 1.48 0.73) (layer F.CrtYd) (width 0.05))
    (fp_line (start -1.48 -0.73) (end 1.48 -0.73) (layer F.CrtYd) (width 0.05))
    (fp_line (start -1.48 0.73) (end -1.48 -0.73) (layer F.CrtYd) (width 0.05))
    (fp_line (start -0.162779 0.51) (end 0.162779 0.51) (layer F.SilkS) (width 0.12))
    (fp_line (start -0.162779 -0.51) (end 0.162779 -0.51) (layer F.SilkS) (width 0.12))
    (fp_line (start 0.8 0.4) (end -0.8 0.4) (layer F.Fab) (width 0.1))
    (fp_line (start 0.8 -0.4) (end 0.8 0.4) (layer F.Fab) (width 0.1))
    (fp_line (start -0.8 -0.4) (end 0.8 -0.4) (layer F.Fab) (width 0.1))
    (fp_line (start -0.8 0.4) (end -0.8 -0.4) (layer F.Fab) (width 0.1))
    (pad 2 smd roundrect (at 0.7875 0) (size 0.875 0.95) (layers F.Cu F.Paste F.Mask) (roundrect_rratio 0.25)
      (net 2 GND))
    (pad 1 smd roundrect (at -0.7875 0) (size 0.875 0.95) (layers F.Cu F.Paste F.Mask) (roundrect_rratio 0.25)
      (net 6 "Net-(C5-Pad1)"))
    (model ${KISYS3DMOD}/Capacitor_SMD.3dshapes/C_0603_1608Metric.wrl
      (at (xyz 0 0 0))
      (scale (xyz 1 1 1))
      (rotate (xyz 0 0 0))
    )
  )

  (module Capacitor_SMD:C_0603_1608Metric (layer F.Cu) (tedit 5B301BBE) (tstamp 5E882557)
    (at 146.405001 89.265001)
    (descr "Capacitor SMD 0603 (1608 Metric), square (rectangular) end terminal, IPC_7351 nominal, (Body size source: http://www.tortai-tech.com/upload/download/2011102023233369053.pdf), generated with kicad-footprint-generator")
    (tags capacitor)
    (path /5E876053)
    (attr smd)
    (fp_text reference C6 (at 0 -1.43) (layer F.SilkS)
      (effects (font (size 1 1) (thickness 0.15)))
    )
    (fp_text value C_Small (at 0 1.43) (layer F.Fab)
      (effects (font (size 1 1) (thickness 0.15)))
    )
    (fp_line (start -0.8 0.4) (end -0.8 -0.4) (layer F.Fab) (width 0.1))
    (fp_line (start -0.8 -0.4) (end 0.8 -0.4) (layer F.Fab) (width 0.1))
    (fp_line (start 0.8 -0.4) (end 0.8 0.4) (layer F.Fab) (width 0.1))
    (fp_line (start 0.8 0.4) (end -0.8 0.4) (layer F.Fab) (width 0.1))
    (fp_line (start -0.162779 -0.51) (end 0.162779 -0.51) (layer F.SilkS) (width 0.12))
    (fp_line (start -0.162779 0.51) (end 0.162779 0.51) (layer F.SilkS) (width 0.12))
    (fp_line (start -1.48 0.73) (end -1.48 -0.73) (layer F.CrtYd) (width 0.05))
    (fp_line (start -1.48 -0.73) (end 1.48 -0.73) (layer F.CrtYd) (width 0.05))
    (fp_line (start 1.48 -0.73) (end 1.48 0.73) (layer F.CrtYd) (width 0.05))
    (fp_line (start 1.48 0.73) (end -1.48 0.73) (layer F.CrtYd) (width 0.05))
    (fp_text user %R (at 0 0) (layer F.Fab)
      (effects (font (size 0.4 0.4) (thickness 0.06)))
    )
    (pad 1 smd roundrect (at -0.7875 0) (size 0.875 0.95) (layers F.Cu F.Paste F.Mask) (roundrect_rratio 0.25)
      (net 4 +3V3))
    (pad 2 smd roundrect (at 0.7875 0) (size 0.875 0.95) (layers F.Cu F.Paste F.Mask) (roundrect_rratio 0.25)
      (net 2 GND))
    (model ${KISYS3DMOD}/Capacitor_SMD.3dshapes/C_0603_1608Metric.wrl
      (at (xyz 0 0 0))
      (scale (xyz 1 1 1))
      (rotate (xyz 0 0 0))
    )
  )

  (module Diode_SMD:D_SOD-123 (layer F.Cu) (tedit 58645DC7) (tstamp 5E882570)
    (at 125.875001 98.725001)
    (descr SOD-123)
    (tags SOD-123)
    (path /5E8D4D36)
    (attr smd)
    (fp_text reference D1 (at 0 -2) (layer F.SilkS)
      (effects (font (size 1 1) (thickness 0.15)))
    )
    (fp_text value D_Small (at 0 2.1) (layer F.Fab)
      (effects (font (size 1 1) (thickness 0.15)))
    )
    (fp_text user %R (at 0 -2) (layer F.Fab)
      (effects (font (size 1 1) (thickness 0.15)))
    )
    (fp_line (start -2.25 -1) (end -2.25 1) (layer F.SilkS) (width 0.12))
    (fp_line (start 0.25 0) (end 0.75 0) (layer F.Fab) (width 0.1))
    (fp_line (start 0.25 0.4) (end -0.35 0) (layer F.Fab) (width 0.1))
    (fp_line (start 0.25 -0.4) (end 0.25 0.4) (layer F.Fab) (width 0.1))
    (fp_line (start -0.35 0) (end 0.25 -0.4) (layer F.Fab) (width 0.1))
    (fp_line (start -0.35 0) (end -0.35 0.55) (layer F.Fab) (width 0.1))
    (fp_line (start -0.35 0) (end -0.35 -0.55) (layer F.Fab) (width 0.1))
    (fp_line (start -0.75 0) (end -0.35 0) (layer F.Fab) (width 0.1))
    (fp_line (start -1.4 0.9) (end -1.4 -0.9) (layer F.Fab) (width 0.1))
    (fp_line (start 1.4 0.9) (end -1.4 0.9) (layer F.Fab) (width 0.1))
    (fp_line (start 1.4 -0.9) (end 1.4 0.9) (layer F.Fab) (width 0.1))
    (fp_line (start -1.4 -0.9) (end 1.4 -0.9) (layer F.Fab) (width 0.1))
    (fp_line (start -2.35 -1.15) (end 2.35 -1.15) (layer F.CrtYd) (width 0.05))
    (fp_line (start 2.35 -1.15) (end 2.35 1.15) (layer F.CrtYd) (width 0.05))
    (fp_line (start 2.35 1.15) (end -2.35 1.15) (layer F.CrtYd) (width 0.05))
    (fp_line (start -2.35 -1.15) (end -2.35 1.15) (layer F.CrtYd) (width 0.05))
    (fp_line (start -2.25 1) (end 1.65 1) (layer F.SilkS) (width 0.12))
    (fp_line (start -2.25 -1) (end 1.65 -1) (layer F.SilkS) (width 0.12))
    (pad 1 smd rect (at -1.65 0) (size 0.9 1.2) (layers F.Cu F.Paste F.Mask)
      (net 6 "Net-(C5-Pad1)"))
    (pad 2 smd rect (at 1.65 0) (size 0.9 1.2) (layers F.Cu F.Paste F.Mask)
      (net 7 +5V))
    (model ${KISYS3DMOD}/Diode_SMD.3dshapes/D_SOD-123.wrl
      (at (xyz 0 0 0))
      (scale (xyz 1 1 1))
      (rotate (xyz 0 0 0))
    )
  )

  (module Diode_SMD:D_SOD-123 (layer F.Cu) (tedit 58645DC7) (tstamp 5E882589)
    (at 137.425001 95.425001)
    (descr SOD-123)
    (tags SOD-123)
    (path /5E8D3EF8)
    (attr smd)
    (fp_text reference D2 (at 0 -2) (layer F.SilkS)
      (effects (font (size 1 1) (thickness 0.15)))
    )
    (fp_text value D_Small (at 0 2.1) (layer F.Fab)
      (effects (font (size 1 1) (thickness 0.15)))
    )
    (fp_line (start -2.25 -1) (end 1.65 -1) (layer F.SilkS) (width 0.12))
    (fp_line (start -2.25 1) (end 1.65 1) (layer F.SilkS) (width 0.12))
    (fp_line (start -2.35 -1.15) (end -2.35 1.15) (layer F.CrtYd) (width 0.05))
    (fp_line (start 2.35 1.15) (end -2.35 1.15) (layer F.CrtYd) (width 0.05))
    (fp_line (start 2.35 -1.15) (end 2.35 1.15) (layer F.CrtYd) (width 0.05))
    (fp_line (start -2.35 -1.15) (end 2.35 -1.15) (layer F.CrtYd) (width 0.05))
    (fp_line (start -1.4 -0.9) (end 1.4 -0.9) (layer F.Fab) (width 0.1))
    (fp_line (start 1.4 -0.9) (end 1.4 0.9) (layer F.Fab) (width 0.1))
    (fp_line (start 1.4 0.9) (end -1.4 0.9) (layer F.Fab) (width 0.1))
    (fp_line (start -1.4 0.9) (end -1.4 -0.9) (layer F.Fab) (width 0.1))
    (fp_line (start -0.75 0) (end -0.35 0) (layer F.Fab) (width 0.1))
    (fp_line (start -0.35 0) (end -0.35 -0.55) (layer F.Fab) (width 0.1))
    (fp_line (start -0.35 0) (end -0.35 0.55) (layer F.Fab) (width 0.1))
    (fp_line (start -0.35 0) (end 0.25 -0.4) (layer F.Fab) (width 0.1))
    (fp_line (start 0.25 -0.4) (end 0.25 0.4) (layer F.Fab) (width 0.1))
    (fp_line (start 0.25 0.4) (end -0.35 0) (layer F.Fab) (width 0.1))
    (fp_line (start 0.25 0) (end 0.75 0) (layer F.Fab) (width 0.1))
    (fp_line (start -2.25 -1) (end -2.25 1) (layer F.SilkS) (width 0.12))
    (fp_text user %R (at 0 -2) (layer F.Fab)
      (effects (font (size 1 1) (thickness 0.15)))
    )
    (pad 2 smd rect (at 1.65 0) (size 0.9 1.2) (layers F.Cu F.Paste F.Mask)
      (net 8 +12V))
    (pad 1 smd rect (at -1.65 0) (size 0.9 1.2) (layers F.Cu F.Paste F.Mask)
      (net 6 "Net-(C5-Pad1)"))
    (model ${KISYS3DMOD}/Diode_SMD.3dshapes/D_SOD-123.wrl
      (at (xyz 0 0 0))
      (scale (xyz 1 1 1))
      (rotate (xyz 0 0 0))
    )
  )

  (module Resistor_SMD:R_0603_1608Metric (layer F.Cu) (tedit 5B301BBD) (tstamp 5E88259A)
    (at 146.405001 91.775001)
    (descr "Resistor SMD 0603 (1608 Metric), square (rectangular) end terminal, IPC_7351 nominal, (Body size source: http://www.tortai-tech.com/upload/download/2011102023233369053.pdf), generated with kicad-footprint-generator")
    (tags resistor)
    (path /5E8AA521)
    (attr smd)
    (fp_text reference R1 (at 0 -1.43) (layer F.SilkS)
      (effects (font (size 1 1) (thickness 0.15)))
    )
    (fp_text value 10k (at 0 1.43) (layer F.Fab)
      (effects (font (size 1 1) (thickness 0.15)))
    )
    (fp_line (start -0.8 0.4) (end -0.8 -0.4) (layer F.Fab) (width 0.1))
    (fp_line (start -0.8 -0.4) (end 0.8 -0.4) (layer F.Fab) (width 0.1))
    (fp_line (start 0.8 -0.4) (end 0.8 0.4) (layer F.Fab) (width 0.1))
    (fp_line (start 0.8 0.4) (end -0.8 0.4) (layer F.Fab) (width 0.1))
    (fp_line (start -0.162779 -0.51) (end 0.162779 -0.51) (layer F.SilkS) (width 0.12))
    (fp_line (start -0.162779 0.51) (end 0.162779 0.51) (layer F.SilkS) (width 0.12))
    (fp_line (start -1.48 0.73) (end -1.48 -0.73) (layer F.CrtYd) (width 0.05))
    (fp_line (start -1.48 -0.73) (end 1.48 -0.73) (layer F.CrtYd) (width 0.05))
    (fp_line (start 1.48 -0.73) (end 1.48 0.73) (layer F.CrtYd) (width 0.05))
    (fp_line (start 1.48 0.73) (end -1.48 0.73) (layer F.CrtYd) (width 0.05))
    (fp_text user %R (at 0 0) (layer F.Fab)
      (effects (font (size 0.4 0.4) (thickness 0.06)))
    )
    (pad 1 smd roundrect (at -0.7875 0) (size 0.875 0.95) (layers F.Cu F.Paste F.Mask) (roundrect_rratio 0.25)
      (net 4 +3V3))
    (pad 2 smd roundrect (at 0.7875 0) (size 0.875 0.95) (layers F.Cu F.Paste F.Mask) (roundrect_rratio 0.25)
      (net 9 D5_ENCA))
    (model ${KISYS3DMOD}/Resistor_SMD.3dshapes/R_0603_1608Metric.wrl
      (at (xyz 0 0 0))
      (scale (xyz 1 1 1))
      (rotate (xyz 0 0 0))
    )
  )

  (module Resistor_SMD:R_0603_1608Metric (layer F.Cu) (tedit 5B301BBD) (tstamp 5E8825AB)
    (at 146.315001 95.005001)
    (descr "Resistor SMD 0603 (1608 Metric), square (rectangular) end terminal, IPC_7351 nominal, (Body size source: http://www.tortai-tech.com/upload/download/2011102023233369053.pdf), generated with kicad-footprint-generator")
    (tags resistor)
    (path /5E8A9AF3)
    (attr smd)
    (fp_text reference R2 (at 0 -1.43) (layer F.SilkS)
      (effects (font (size 1 1) (thickness 0.15)))
    )
    (fp_text value 10k (at 0 1.43) (layer F.Fab)
      (effects (font (size 1 1) (thickness 0.15)))
    )
    (fp_text user %R (at 0 0) (layer F.Fab)
      (effects (font (size 0.4 0.4) (thickness 0.06)))
    )
    (fp_line (start 1.48 0.73) (end -1.48 0.73) (layer F.CrtYd) (width 0.05))
    (fp_line (start 1.48 -0.73) (end 1.48 0.73) (layer F.CrtYd) (width 0.05))
    (fp_line (start -1.48 -0.73) (end 1.48 -0.73) (layer F.CrtYd) (width 0.05))
    (fp_line (start -1.48 0.73) (end -1.48 -0.73) (layer F.CrtYd) (width 0.05))
    (fp_line (start -0.162779 0.51) (end 0.162779 0.51) (layer F.SilkS) (width 0.12))
    (fp_line (start -0.162779 -0.51) (end 0.162779 -0.51) (layer F.SilkS) (width 0.12))
    (fp_line (start 0.8 0.4) (end -0.8 0.4) (layer F.Fab) (width 0.1))
    (fp_line (start 0.8 -0.4) (end 0.8 0.4) (layer F.Fab) (width 0.1))
    (fp_line (start -0.8 -0.4) (end 0.8 -0.4) (layer F.Fab) (width 0.1))
    (fp_line (start -0.8 0.4) (end -0.8 -0.4) (layer F.Fab) (width 0.1))
    (pad 2 smd roundrect (at 0.7875 0) (size 0.875 0.95) (layers F.Cu F.Paste F.Mask) (roundrect_rratio 0.25)
      (net 4 +3V3))
    (pad 1 smd roundrect (at -0.7875 0) (size 0.875 0.95) (layers F.Cu F.Paste F.Mask) (roundrect_rratio 0.25)
      (net 10 D11_ENCB))
    (model ${KISYS3DMOD}/Resistor_SMD.3dshapes/R_0603_1608Metric.wrl
      (at (xyz 0 0 0))
      (scale (xyz 1 1 1))
      (rotate (xyz 0 0 0))
    )
  )

  (module Resistor_SMD:R_0603_1608Metric (layer F.Cu) (tedit 5B301BBD) (tstamp 5E8825BC)
    (at 142.785001 97.515001)
    (descr "Resistor SMD 0603 (1608 Metric), square (rectangular) end terminal, IPC_7351 nominal, (Body size source: http://www.tortai-tech.com/upload/download/2011102023233369053.pdf), generated with kicad-footprint-generator")
    (tags resistor)
    (path /5E8B5AF4)
    (attr smd)
    (fp_text reference R3 (at 0 -1.43) (layer F.SilkS)
      (effects (font (size 1 1) (thickness 0.15)))
    )
    (fp_text value 1k (at 0 1.43) (layer F.Fab)
      (effects (font (size 1 1) (thickness 0.15)))
    )
    (fp_text user %R (at 0 0) (layer F.Fab)
      (effects (font (size 0.4 0.4) (thickness 0.06)))
    )
    (fp_line (start 1.48 0.73) (end -1.48 0.73) (layer F.CrtYd) (width 0.05))
    (fp_line (start 1.48 -0.73) (end 1.48 0.73) (layer F.CrtYd) (width 0.05))
    (fp_line (start -1.48 -0.73) (end 1.48 -0.73) (layer F.CrtYd) (width 0.05))
    (fp_line (start -1.48 0.73) (end -1.48 -0.73) (layer F.CrtYd) (width 0.05))
    (fp_line (start -0.162779 0.51) (end 0.162779 0.51) (layer F.SilkS) (width 0.12))
    (fp_line (start -0.162779 -0.51) (end 0.162779 -0.51) (layer F.SilkS) (width 0.12))
    (fp_line (start 0.8 0.4) (end -0.8 0.4) (layer F.Fab) (width 0.1))
    (fp_line (start 0.8 -0.4) (end 0.8 0.4) (layer F.Fab) (width 0.1))
    (fp_line (start -0.8 -0.4) (end 0.8 -0.4) (layer F.Fab) (width 0.1))
    (fp_line (start -0.8 0.4) (end -0.8 -0.4) (layer F.Fab) (width 0.1))
    (pad 2 smd roundrect (at 0.7875 0) (size 0.875 0.95) (layers F.Cu F.Paste F.Mask) (roundrect_rratio 0.25)
      (net 11 "Net-(R3-Pad2)"))
    (pad 1 smd roundrect (at -0.7875 0) (size 0.875 0.95) (layers F.Cu F.Paste F.Mask) (roundrect_rratio 0.25)
      (net 1 D13_ENC_SW))
    (model ${KISYS3DMOD}/Resistor_SMD.3dshapes/R_0603_1608Metric.wrl
      (at (xyz 0 0 0))
      (scale (xyz 1 1 1))
      (rotate (xyz 0 0 0))
    )
  )

  (module Resistor_SMD:R_0603_1608Metric (layer F.Cu) (tedit 5B301BBD) (tstamp 5E8825CD)
    (at 142.785001 100.025001)
    (descr "Resistor SMD 0603 (1608 Metric), square (rectangular) end terminal, IPC_7351 nominal, (Body size source: http://www.tortai-tech.com/upload/download/2011102023233369053.pdf), generated with kicad-footprint-generator")
    (tags resistor)
    (path /5E8BCD05)
    (attr smd)
    (fp_text reference R4 (at 0 -1.43) (layer F.SilkS)
      (effects (font (size 1 1) (thickness 0.15)))
    )
    (fp_text value 100k (at 0 1.43) (layer F.Fab)
      (effects (font (size 1 1) (thickness 0.15)))
    )
    (fp_line (start -0.8 0.4) (end -0.8 -0.4) (layer F.Fab) (width 0.1))
    (fp_line (start -0.8 -0.4) (end 0.8 -0.4) (layer F.Fab) (width 0.1))
    (fp_line (start 0.8 -0.4) (end 0.8 0.4) (layer F.Fab) (width 0.1))
    (fp_line (start 0.8 0.4) (end -0.8 0.4) (layer F.Fab) (width 0.1))
    (fp_line (start -0.162779 -0.51) (end 0.162779 -0.51) (layer F.SilkS) (width 0.12))
    (fp_line (start -0.162779 0.51) (end 0.162779 0.51) (layer F.SilkS) (width 0.12))
    (fp_line (start -1.48 0.73) (end -1.48 -0.73) (layer F.CrtYd) (width 0.05))
    (fp_line (start -1.48 -0.73) (end 1.48 -0.73) (layer F.CrtYd) (width 0.05))
    (fp_line (start 1.48 -0.73) (end 1.48 0.73) (layer F.CrtYd) (width 0.05))
    (fp_line (start 1.48 0.73) (end -1.48 0.73) (layer F.CrtYd) (width 0.05))
    (fp_text user %R (at 0 0) (layer F.Fab)
      (effects (font (size 0.4 0.4) (thickness 0.06)))
    )
    (pad 1 smd roundrect (at -0.7875 0) (size 0.875 0.95) (layers F.Cu F.Paste F.Mask) (roundrect_rratio 0.25)
      (net 1 D13_ENC_SW))
    (pad 2 smd roundrect (at 0.7875 0) (size 0.875 0.95) (layers F.Cu F.Paste F.Mask) (roundrect_rratio 0.25)
      (net 4 +3V3))
    (model ${KISYS3DMOD}/Resistor_SMD.3dshapes/R_0603_1608Metric.wrl
      (at (xyz 0 0 0))
      (scale (xyz 1 1 1))
      (rotate (xyz 0 0 0))
    )
  )

  (module Resistor_SMD:R_0603_1608Metric (layer F.Cu) (tedit 5B301BBD) (tstamp 5E8825DE)
    (at 146.795001 97.515001)
    (descr "Resistor SMD 0603 (1608 Metric), square (rectangular) end terminal, IPC_7351 nominal, (Body size source: http://www.tortai-tech.com/upload/download/2011102023233369053.pdf), generated with kicad-footprint-generator")
    (tags resistor)
    (path /5E87C8F6)
    (attr smd)
    (fp_text reference R5 (at 0 -1.43) (layer F.SilkS)
      (effects (font (size 1 1) (thickness 0.15)))
    )
    (fp_text value R_Small (at 0 1.43) (layer F.Fab)
      (effects (font (size 1 1) (thickness 0.15)))
    )
    (fp_line (start -0.8 0.4) (end -0.8 -0.4) (layer F.Fab) (width 0.1))
    (fp_line (start -0.8 -0.4) (end 0.8 -0.4) (layer F.Fab) (width 0.1))
    (fp_line (start 0.8 -0.4) (end 0.8 0.4) (layer F.Fab) (width 0.1))
    (fp_line (start 0.8 0.4) (end -0.8 0.4) (layer F.Fab) (width 0.1))
    (fp_line (start -0.162779 -0.51) (end 0.162779 -0.51) (layer F.SilkS) (width 0.12))
    (fp_line (start -0.162779 0.51) (end 0.162779 0.51) (layer F.SilkS) (width 0.12))
    (fp_line (start -1.48 0.73) (end -1.48 -0.73) (layer F.CrtYd) (width 0.05))
    (fp_line (start -1.48 -0.73) (end 1.48 -0.73) (layer F.CrtYd) (width 0.05))
    (fp_line (start 1.48 -0.73) (end 1.48 0.73) (layer F.CrtYd) (width 0.05))
    (fp_line (start 1.48 0.73) (end -1.48 0.73) (layer F.CrtYd) (width 0.05))
    (fp_text user %R (at 0 0) (layer F.Fab)
      (effects (font (size 0.4 0.4) (thickness 0.06)))
    )
    (pad 1 smd roundrect (at -0.7875 0) (size 0.875 0.95) (layers F.Cu F.Paste F.Mask) (roundrect_rratio 0.25)
      (net 12 "Net-(R5-Pad1)"))
    (pad 2 smd roundrect (at 0.7875 0) (size 0.875 0.95) (layers F.Cu F.Paste F.Mask) (roundrect_rratio 0.25)
      (net 3 ~RESET))
    (model ${KISYS3DMOD}/Resistor_SMD.3dshapes/R_0603_1608Metric.wrl
      (at (xyz 0 0 0))
      (scale (xyz 1 1 1))
      (rotate (xyz 0 0 0))
    )
  )

  (module Resistor_SMD:R_0603_1608Metric (layer F.Cu) (tedit 5B301BBD) (tstamp 5E8825EF)
    (at 146.795001 100.025001)
    (descr "Resistor SMD 0603 (1608 Metric), square (rectangular) end terminal, IPC_7351 nominal, (Body size source: http://www.tortai-tech.com/upload/download/2011102023233369053.pdf), generated with kicad-footprint-generator")
    (tags resistor)
    (path /5E87C3A2)
    (attr smd)
    (fp_text reference R6 (at 0 -1.43) (layer F.SilkS)
      (effects (font (size 1 1) (thickness 0.15)))
    )
    (fp_text value 1k (at 0 1.43) (layer F.Fab)
      (effects (font (size 1 1) (thickness 0.15)))
    )
    (fp_text user %R (at 0 0) (layer F.Fab)
      (effects (font (size 0.4 0.4) (thickness 0.06)))
    )
    (fp_line (start 1.48 0.73) (end -1.48 0.73) (layer F.CrtYd) (width 0.05))
    (fp_line (start 1.48 -0.73) (end 1.48 0.73) (layer F.CrtYd) (width 0.05))
    (fp_line (start -1.48 -0.73) (end 1.48 -0.73) (layer F.CrtYd) (width 0.05))
    (fp_line (start -1.48 0.73) (end -1.48 -0.73) (layer F.CrtYd) (width 0.05))
    (fp_line (start -0.162779 0.51) (end 0.162779 0.51) (layer F.SilkS) (width 0.12))
    (fp_line (start -0.162779 -0.51) (end 0.162779 -0.51) (layer F.SilkS) (width 0.12))
    (fp_line (start 0.8 0.4) (end -0.8 0.4) (layer F.Fab) (width 0.1))
    (fp_line (start 0.8 -0.4) (end 0.8 0.4) (layer F.Fab) (width 0.1))
    (fp_line (start -0.8 -0.4) (end 0.8 -0.4) (layer F.Fab) (width 0.1))
    (fp_line (start -0.8 0.4) (end -0.8 -0.4) (layer F.Fab) (width 0.1))
    (pad 2 smd roundrect (at 0.7875 0) (size 0.875 0.95) (layers F.Cu F.Paste F.Mask) (roundrect_rratio 0.25)
      (net 2 GND))
    (pad 1 smd roundrect (at -0.7875 0) (size 0.875 0.95) (layers F.Cu F.Paste F.Mask) (roundrect_rratio 0.25)
      (net 13 D3_LED))
    (model ${KISYS3DMOD}/Resistor_SMD.3dshapes/R_0603_1608Metric.wrl
      (at (xyz 0 0 0))
      (scale (xyz 1 1 1))
      (rotate (xyz 0 0 0))
    )
  )

  (module Package_QFP:TQFP-48_7x7mm_P0.5mm (layer F.Cu) (tedit 5A02F146) (tstamp 5E882636)
    (at 128.775001 91.275001)
    (descr "48 LEAD TQFP 7x7mm (see MICREL TQFP7x7-48LD-PL-1.pdf)")
    (tags "QFP 0.5")
    (path /5E8782FC)
    (attr smd)
    (fp_text reference U1 (at 0 -6) (layer F.SilkS)
      (effects (font (size 1 1) (thickness 0.15)))
    )
    (fp_text value ATSAMD21G18A-AUT (at 0 6) (layer F.Fab)
      (effects (font (size 1 1) (thickness 0.15)))
    )
    (fp_text user %R (at 0 0) (layer F.Fab)
      (effects (font (size 1 1) (thickness 0.15)))
    )
    (fp_line (start -2.5 -3.5) (end 3.5 -3.5) (layer F.Fab) (width 0.15))
    (fp_line (start 3.5 -3.5) (end 3.5 3.5) (layer F.Fab) (width 0.15))
    (fp_line (start 3.5 3.5) (end -3.5 3.5) (layer F.Fab) (width 0.15))
    (fp_line (start -3.5 3.5) (end -3.5 -2.5) (layer F.Fab) (width 0.15))
    (fp_line (start -3.5 -2.5) (end -2.5 -3.5) (layer F.Fab) (width 0.15))
    (fp_line (start -5.25 -5.25) (end -5.25 5.25) (layer F.CrtYd) (width 0.05))
    (fp_line (start 5.25 -5.25) (end 5.25 5.25) (layer F.CrtYd) (width 0.05))
    (fp_line (start -5.25 -5.25) (end 5.25 -5.25) (layer F.CrtYd) (width 0.05))
    (fp_line (start -5.25 5.25) (end 5.25 5.25) (layer F.CrtYd) (width 0.05))
    (fp_line (start -3.625 -3.625) (end -3.625 -3.2) (layer F.SilkS) (width 0.15))
    (fp_line (start 3.625 -3.625) (end 3.625 -3.1) (layer F.SilkS) (width 0.15))
    (fp_line (start 3.625 3.625) (end 3.625 3.1) (layer F.SilkS) (width 0.15))
    (fp_line (start -3.625 3.625) (end -3.625 3.1) (layer F.SilkS) (width 0.15))
    (fp_line (start -3.625 -3.625) (end -3.1 -3.625) (layer F.SilkS) (width 0.15))
    (fp_line (start -3.625 3.625) (end -3.1 3.625) (layer F.SilkS) (width 0.15))
    (fp_line (start 3.625 3.625) (end 3.1 3.625) (layer F.SilkS) (width 0.15))
    (fp_line (start 3.625 -3.625) (end 3.1 -3.625) (layer F.SilkS) (width 0.15))
    (fp_line (start -3.625 -3.2) (end -5 -3.2) (layer F.SilkS) (width 0.15))
    (pad 1 smd rect (at -4.35 -2.75) (size 1.3 0.25) (layers F.Cu F.Paste F.Mask)
      (net 14 "Net-(U1-Pad1)"))
    (pad 2 smd rect (at -4.35 -2.25) (size 1.3 0.25) (layers F.Cu F.Paste F.Mask)
      (net 15 "Net-(U1-Pad2)"))
    (pad 3 smd rect (at -4.35 -1.75) (size 1.3 0.25) (layers F.Cu F.Paste F.Mask)
      (net 16 "Net-(U1-Pad3)"))
    (pad 4 smd rect (at -4.35 -1.25) (size 1.3 0.25) (layers F.Cu F.Paste F.Mask)
      (net 17 "Net-(U1-Pad4)"))
    (pad 5 smd rect (at -4.35 -0.75) (size 1.3 0.25) (layers F.Cu F.Paste F.Mask)
      (net 2 GND))
    (pad 6 smd rect (at -4.35 -0.25) (size 1.3 0.25) (layers F.Cu F.Paste F.Mask)
      (net 4 +3V3))
    (pad 7 smd rect (at -4.35 0.25) (size 1.3 0.25) (layers F.Cu F.Paste F.Mask)
      (net 18 A1))
    (pad 8 smd rect (at -4.35 0.75) (size 1.3 0.25) (layers F.Cu F.Paste F.Mask)
      (net 19 A2))
    (pad 9 smd rect (at -4.35 1.25) (size 1.3 0.25) (layers F.Cu F.Paste F.Mask)
      (net 20 A3))
    (pad 10 smd rect (at -4.35 1.75) (size 1.3 0.25) (layers F.Cu F.Paste F.Mask)
      (net 21 A4))
    (pad 11 smd rect (at -4.35 2.25) (size 1.3 0.25) (layers F.Cu F.Paste F.Mask)
      (net 22 D8))
    (pad 12 smd rect (at -4.35 2.75) (size 1.3 0.25) (layers F.Cu F.Paste F.Mask)
      (net 23 D9))
    (pad 13 smd rect (at -2.75 4.35 90) (size 1.3 0.25) (layers F.Cu F.Paste F.Mask)
      (net 24 D4))
    (pad 14 smd rect (at -2.25 4.35 90) (size 1.3 0.25) (layers F.Cu F.Paste F.Mask)
      (net 13 D3_LED))
    (pad 15 smd rect (at -1.75 4.35 90) (size 1.3 0.25) (layers F.Cu F.Paste F.Mask)
      (net 25 D1))
    (pad 16 smd rect (at -1.25 4.35 90) (size 1.3 0.25) (layers F.Cu F.Paste F.Mask)
      (net 26 D0))
    (pad 17 smd rect (at -0.75 4.35 90) (size 1.3 0.25) (layers F.Cu F.Paste F.Mask)
      (net 4 +3V3))
    (pad 18 smd rect (at -0.25 4.35 90) (size 1.3 0.25) (layers F.Cu F.Paste F.Mask)
      (net 2 GND))
    (pad 19 smd rect (at 0.25 4.35 90) (size 1.3 0.25) (layers F.Cu F.Paste F.Mask)
      (net 27 "Net-(U1-Pad19)"))
    (pad 20 smd rect (at 0.75 4.35 90) (size 1.3 0.25) (layers F.Cu F.Paste F.Mask)
      (net 28 "Net-(U1-Pad20)"))
    (pad 21 smd rect (at 1.25 4.35 90) (size 1.3 0.25) (layers F.Cu F.Paste F.Mask)
      (net 29 "Net-(U1-Pad21)"))
    (pad 22 smd rect (at 1.75 4.35 90) (size 1.3 0.25) (layers F.Cu F.Paste F.Mask)
      (net 30 "Net-(U1-Pad22)"))
    (pad 23 smd rect (at 2.25 4.35 90) (size 1.3 0.25) (layers F.Cu F.Paste F.Mask)
      (net 31 D2))
    (pad 24 smd rect (at 2.75 4.35 90) (size 1.3 0.25) (layers F.Cu F.Paste F.Mask)
      (net 9 D5_ENCA))
    (pad 25 smd rect (at 4.35 2.75) (size 1.3 0.25) (layers F.Cu F.Paste F.Mask)
      (net 10 D11_ENCB))
    (pad 26 smd rect (at 4.35 2.25) (size 1.3 0.25) (layers F.Cu F.Paste F.Mask)
      (net 1 D13_ENC_SW))
    (pad 27 smd rect (at 4.35 1.75) (size 1.3 0.25) (layers F.Cu F.Paste F.Mask)
      (net 32 D10))
    (pad 28 smd rect (at 4.35 1.25) (size 1.3 0.25) (layers F.Cu F.Paste F.Mask)
      (net 33 "Net-(U1-Pad28)"))
    (pad 29 smd rect (at 4.35 0.75) (size 1.3 0.25) (layers F.Cu F.Paste F.Mask)
      (net 34 "Net-(U1-Pad29)"))
    (pad 30 smd rect (at 4.35 0.25) (size 1.3 0.25) (layers F.Cu F.Paste F.Mask)
      (net 35 "Net-(U1-Pad30)"))
    (pad 31 smd rect (at 4.35 -0.25) (size 1.3 0.25) (layers F.Cu F.Paste F.Mask)
      (net 36 SDA))
    (pad 32 smd rect (at 4.35 -0.75) (size 1.3 0.25) (layers F.Cu F.Paste F.Mask)
      (net 37 SCL))
    (pad 33 smd rect (at 4.35 -1.25) (size 1.3 0.25) (layers F.Cu F.Paste F.Mask)
      (net 38 USB-))
    (pad 34 smd rect (at 4.35 -1.75) (size 1.3 0.25) (layers F.Cu F.Paste F.Mask)
      (net 39 USB+))
    (pad 35 smd rect (at 4.35 -2.25) (size 1.3 0.25) (layers F.Cu F.Paste F.Mask)
      (net 2 GND))
    (pad 36 smd rect (at 4.35 -2.75) (size 1.3 0.25) (layers F.Cu F.Paste F.Mask)
      (net 4 +3V3))
    (pad 37 smd rect (at 2.75 -4.35 90) (size 1.3 0.25) (layers F.Cu F.Paste F.Mask)
      (net 40 "Net-(U1-Pad37)"))
